{
  "val_mse": 0.024249223605482654,
  "val_rmse": 0.15572162215146185,
  "epoch": 20
}