{
  "val_mse": 0.03420315502888558,
  "val_rmse": 0.184940950113504,
  "epoch": 1
}